feature tensor([[ 0.2137, -0.9422, -0.1911,  0.7814, -0.7328,  1.0466, -0.1038, -0.2817,
         -0.0096, -0.0741,  0.1019,  0.8276,  0.2381, -0.1957, -0.3552,  0.4228,
         -0.1601, -0.1750, -0.1400,  0.4355,  0.3699,  0.8727, -0.7191, -0.6920,
         -0.7812, -0.3091,  0.1701,  0.7323,  0.5306,  0.9086,  0.3911,  0.2980,
          0.2236, -0.7906, -0.4362,  0.5861,  0.4178, -0.8285, -0.4678,  0.8389,
          0.1353, -0.5945,  0.9055, -0.2483, -0.2422,  0.1654, -0.9156, -0.9771,
          0.9426, -0.7717,  0.3000, -0.2329, -0.4173,  0.1486,  0.7952, -0.7048,
          0.6893,  0.7881,  0.4978,  0.7359,  0.4946,  0.6359, -0.6804, -0.9508,
         -0.8358,  0.5777,  0.3493, -0.6634,  0.7720, -0.6231, -0.4396,  1.0203,
         -0.8848, -0.6630,  0.4491, -0.0059, -0.3403,  0.1048,  0.9157, -0.1422,
          0.2363, -0.6685,  0.4490, -0.8801,  0.7628,  0.1821,  0.2983,  0.4273,
          0.1635, -0.2748,  0.7418,  0.4632,  0.3096,  0.9074, -0.0488,  0.3059,
         -0.2477, -0.7042,  0.9768,  0.2294,  0.2731, -0.5224,  0.4406, -0.7966,
          0.9137, -0.2086, -0.4788, -0.9984,  0.1845, -0.2932, -0.2322, -0.0663,
          0.6369, -0.4605, -0.5246,  0.0806,  0.2814,  0.4121,  0.3495,  0.0736,
          0.7516,  0.6305,  0.1445,  0.6486, -0.7575,  0.0287, -0.7506, -0.8622,
         -0.0669, -0.5839, -0.7162, -0.8805, -0.8364, -0.5142,  0.9399,  0.6116,
         -0.1095,  0.3163, -0.2566,  0.5544, -0.7575,  0.3582,  0.4974, -0.1011,
         -0.1829, -0.9497, -0.3252,  0.8230, -0.2630, -0.8348, -0.9817, -0.1002,
          0.8373,  0.6065,  0.8263,  0.1591,  0.3525,  0.5428, -0.0587,  0.4594,
         -0.5293, -0.9609,  0.5861, -0.9596,  0.8663, -0.6049,  0.6897, -0.8242,
          0.5678, -0.2467,  0.5485, -0.2413, -0.4771, -0.2847, -0.3267, -0.1733,
          0.1957, -0.8248, -0.4830, -0.2297, -0.6746,  0.9974,  0.1153,  0.4963,
          0.5685,  0.6420,  0.0313, -0.8850,  0.7868, -0.4417,  0.1718,  0.5954,
         -0.8229, -0.8436,  0.8671,  0.4010,  0.0939,  0.1550,  0.0344,  0.1305,
         -0.4898,  0.6865, -0.3287,  0.4793, -0.7650,  0.3612, -0.9727,  0.4145,
         -0.1600, -0.0045, -0.8801,  0.0922, -0.8874,  0.9329, -0.3155,  0.6966,
         -0.4459, -0.6458,  0.8306, -0.9737, -0.2329, -0.4233,  0.8797,  0.8552,
         -0.0382,  0.0614,  0.8017,  0.3875,  0.3531,  0.5164,  0.9803,  0.3097,
         -0.4061, -0.2539, -0.7486, -0.4177,  0.8626, -0.3682, -0.3216, -0.2436,
         -0.5052,  0.8316, -0.9302,  0.2747,  0.5404, -0.6928, -0.5888, -0.0381,
          0.3415, -0.7797, -0.1823,  0.9409, -0.3333, -0.8050, -0.7539, -0.1952,
          0.5269,  0.6906,  0.9818,  0.1014, -0.2878,  1.0146,  0.8975,  0.1600,
          0.5646,  0.6633,  0.3497,  0.5441, -0.9450,  0.6424, -0.1244, -0.0890,
         -0.6241,  0.7755, -0.1393, -0.7944,  0.7196,  0.7291, -0.1484,  0.1617,
          0.0420,  0.4297, -0.0510,  0.1334, -0.9272,  0.5583,  0.0568,  0.8624,
          0.8012,  0.6628,  0.5696,  0.1746, -0.4624, -0.1408,  0.8643, -0.9081,
         -0.6300, -0.6230,  0.3554,  0.0216]],
       device='cuda:0', requires_grad=True)
before concat torch.Size([1, 4, 300])
after concat torch.Size([1, 4, 300])
packed torch.Size([4, 300])
recur shape torch.Size([3, 1, 300]) torch.Size([3, 1, 300])
X tensor([[ 2, 11, 10,  5]], device='cuda:0')
raw_y tensor([[-1.1475, -1.5960, -1.7920, -1.4461, -1.8858, -3.9133,  1.0606, -1.7402,
         -3.9080,  8.9701, -1.0836,  0.9822],
        [-3.1011, -2.7259, -0.1462, -2.0175, -2.3187,  0.6112,  7.0644,  0.6773,
         -3.1939,  2.2414,  6.4853, -0.0179],
        [-1.8518, -2.1655, -0.9713,  2.6044, -0.6234,  9.8539,  1.1803,  5.0423,
          2.8715, -4.5950,  2.6702, -1.8186],
        [-1.4889, -1.2883, -2.1422, 10.5472, -2.4698,  1.5971, -3.1601,  0.2935,
          1.7502, -1.6368, -0.3366,  1.5604]], device='cuda:0')
y tensor([9, 6, 5, 3], device='cuda:0')
y words ['one', 'caption', 'aadvark', '<pause>']
