image tensor([[[[0.3176, 0.3176, 0.3216,  ..., 0.2118, 0.2078, 0.2118],
          [0.3216, 0.3255, 0.3294,  ..., 0.2235, 0.2235, 0.2235],
          [0.2980, 0.3020, 0.3059,  ..., 0.2078, 0.2078, 0.2078],
          ...,
          [0.2863, 0.2863, 0.2863,  ..., 0.2863, 0.2863, 0.2863],
          [0.2863, 0.2863, 0.2863,  ..., 0.2863, 0.2863, 0.2863],
          [0.2863, 0.2863, 0.2863,  ..., 0.2863, 0.2863, 0.2863]],

         [[0.3843, 0.3843, 0.3882,  ..., 0.3686, 0.3608, 0.3569],
          [0.3882, 0.3922, 0.3961,  ..., 0.3804, 0.3765, 0.3686],
          [0.3647, 0.3686, 0.3725,  ..., 0.3647, 0.3608, 0.3529],
          ...,
          [0.3804, 0.3804, 0.3804,  ..., 0.3804, 0.3804, 0.3804],
          [0.3804, 0.3804, 0.3804,  ..., 0.3804, 0.3804, 0.3804],
          [0.3804, 0.3804, 0.3804,  ..., 0.3804, 0.3804, 0.3804]],

         [[0.5569, 0.5569, 0.5608,  ..., 0.4314, 0.4275, 0.4275],
          [0.5608, 0.5647, 0.5686,  ..., 0.4431, 0.4431, 0.4392],
          [0.5373, 0.5412, 0.5451,  ..., 0.4314, 0.4275, 0.4235],
          ...,
          [0.5137, 0.5137, 0.5137,  ..., 0.5137, 0.5137, 0.5137],
          [0.5137, 0.5137, 0.5137,  ..., 0.5137, 0.5137, 0.5137],
          [0.5137, 0.5137, 0.5137,  ..., 0.5137, 0.5137, 0.5137]]]],
       device='cuda:0')
image shape torch.Size([1, 3, 224, 224])
feature tensor([[-11.6025,  15.7541,  29.8211,  34.8564, -21.7012,  26.6124,  29.7987,
         -10.3304, -16.7075, -14.8792,  47.0307,  24.3769, -17.4493,  -5.6225,
           9.2960,  -8.0094, -16.5638, -44.9623, -31.3152,  14.6026,  34.9934,
          -2.4359,  23.6785,  12.1047, -13.8205,  -2.6486,   5.8917,  -7.2337,
          -7.9309, -53.3188,  -9.2914,  47.3794, -18.7223,  11.4121, -14.5186,
         -19.7761,  36.5211, -38.8649,  48.4968,  39.6143, -52.6638,  13.0260,
          24.5143, -19.9530,  10.4849,  14.5211,  22.7191,  63.5216, -41.7601,
         -39.8700,  -9.2145,   6.8609,  27.6355,   7.1453, -10.5439,  29.8734,
          11.3013, -44.5705, -28.1901, -17.9589, -22.8747,  11.9169, -19.1848,
          27.2442, -23.0342,  13.7131,   6.6231,  -5.8961,  -0.6664,  15.7682,
           2.6117,  24.5422, -21.2277,  41.9522,  18.1869,   7.8731,  18.4027,
         -19.7577, -11.8545, -26.9712, -21.3670, -24.6950,  -4.1828, -10.7139,
          20.4638, -24.1975,   3.3622, -34.6236,  13.9296, -17.1133,  18.3151,
          14.4522,  51.4489,  21.8427, -12.4069, -31.8984,  18.0206,  20.7818,
          14.1605,   3.7709,  13.7371,  14.8989,  15.3445,  16.1095,  10.4594,
         -27.5729, -49.6546,  38.2553, -17.4975, -28.6677, -32.1056,  29.3368,
          14.3578,   7.7418,   3.5167,   3.5713,  22.5359, -39.1321,  28.1094,
         -53.5373, -14.1390, -14.7885,   7.8555,  19.5444, -12.5314,   3.3957,
          22.8434, -19.5892, -54.8973, -23.1109,  10.1594,  21.6567,  39.6833,
         -13.3688,  -7.9751,  12.4295,  39.5550,  12.9310, -15.1505,   3.5855,
           9.3299,  18.2372,  12.1294, -18.3449,  25.5972, -25.1564,  19.9519,
          43.6318,  -3.8100,  52.4207, -29.7089,  15.5967,  -4.2664,  27.8177,
          11.2871, -13.3187, -21.1346,  -9.0212,   7.2332,  -5.2050,   7.8722,
          10.6833,  15.5879,   8.7309,  28.9523,  35.3069,  -9.8813, -70.7157,
         -14.7193,   4.4223, -13.7741, -35.0686, -27.4004, -11.2126,  19.8532,
          62.4134, -17.4593,  16.1794,   5.0452,  13.2083,  -6.8917, -35.5567,
          41.0409,  15.2295,  -5.8708,   9.2507,  17.4489,   8.5701,  -1.5789,
          14.4210,  17.4837,  18.3009,  35.0626,  11.0622,  37.1406,  -7.5313,
         -29.7472,   9.9726, -25.9160,  -5.6117, -20.8172, -27.7192,  14.7999,
          24.9845,  14.4562,  -4.5511, -21.7301,  14.0841,  -2.8879,  27.7118,
         -29.7868,  58.2509,  -6.5222,  -6.9970,  -9.0801,  -7.4588, -15.3033,
          -2.9646,  26.2057, -22.7799,  23.5320,  26.0049,  -9.8865,   3.1999,
          16.4174,   2.2852, -11.6179, -43.3090,  -6.2015, -32.9084,  16.6955,
         -14.9500,  19.3815,  32.4814, -42.0959, -11.7138, -15.0488, -12.7586,
           3.8810, -36.4618,  -1.7912,  37.2471,  16.4333, -30.2869,  47.1582,
          27.0396,  26.1177, -29.6852,  36.5378,  22.9098, -23.8038, -51.2196,
           9.6440,  15.8424,  15.4984,  -4.6746,   0.6353, -14.2379, -15.6917,
          -5.3798,   7.4697,   6.8682,  18.6109,  27.0104, -20.7399, -17.7297,
         -15.4547, -17.6132,   9.1752,  14.8308,  -6.7756,   7.8911, -21.5568,
         -52.3557, -32.9135, -18.5846, -30.5849,  -8.2913,  40.6201,  17.6854,
         -19.7262,  -8.8562, -33.1191,  16.8586, -33.3344,  -3.3356,   5.9436,
         -14.2655,  10.2535,  30.6622,   7.3364,  22.1851,  10.5315,  -6.6408,
         -11.3898, -34.4151, -10.8060,  26.3334,  17.5755, -34.8353]],
       device='cuda:0')
